background(186, 145, 20); // wooden table
fill(179, 166, 166);
ellipse(200, 200, 350, 350); // plate
ellipse(200, 200, 300, 300); 

fill(255, 255, 255);
rect(273, 200, 21, 19); // rice pieces
rect(270, 169, 21, 19);
rect(291, 141, 21, 19);
rect(266, 112, 21, 19);
rect(300, 183, 21, 19);
rect(243, 184, 21, 19);
rect(237, 147, 21, 19);
rect(235, 118, 21, 19);
rect(266, 142, 21, 19);
rect(293, 111, 21, 19);
rect(316, 154, 21, 19);
rect(308, 199, 21, 19);
rect(220, 167, 19, 19);
rect(308, 199, 21, 19);

fill(247, 242, 242);
ellipse(152, 160, 100, 100);

fill(255, 221, 0);
ellipse(153, 160, 50, 50); // yolk

fill(181, 108, 6);
rect(121, 239, 185, 18); // bacon strips
rect(105, 260, 185, 18);
